V1_0_pop,1,-0.179,-0.16,0.33,0.138,-0.152,0.249,0.012,-0.124
thV1_pop,-0.179,1,0.599,-0.938,-0.251,0.747,-0.902,-0.125,0.322
thV2_pop,-0.16,0.599,1,-0.716,-0.18,0.509,-0.714,0.055,0.285
tchg_pop,0.33,-0.938,-0.716,1,0.272,-0.75,0.916,0.0806,-0.315
omega_V1_0,0.138,-0.251,-0.18,0.272,1,-0.183,0.291,-0.0376,-0.307
omega_thV1,-0.152,0.747,0.509,-0.75,-0.183,1,-0.702,-0.196,0.183
omega_thV2,0.249,-0.902,-0.714,0.916,0.291,-0.702,1,0.064,-0.411
omega_tchg,0.012,-0.125,0.055,0.0806,-0.0376,-0.196,0.064,1,0.0507
a,-0.124,0.322,0.285,-0.315,-0.307,0.183,-0.411,0.0507,1
